Input matrix:         (79, 4096)  (images x pixels)
Components (D x k):   (4096, 20)
Projected data (N x k): (79, 20)
Variance explained by top 20: 0.8326

Component, eigenvalue, variance ratio, cumulative
1, 60.316392, 0.3988, 0.3988
2, 12.461999, 0.0824, 0.4812
3, 6.957510, 0.0460, 0.5272
4, 5.785154, 0.0382, 0.5654
5, 5.404520, 0.0357, 0.6012
6, 4.582353, 0.0303, 0.6315
7, 3.550366, 0.0235, 0.6549
8, 3.445210, 0.0228, 0.6777
9, 3.036940, 0.0201, 0.6978
10, 2.719088, 0.0180, 0.7158
11, 2.397947, 0.0159, 0.7316
12, 2.167924, 0.0143, 0.7459
13, 1.957375, 0.0129, 0.7589
14, 1.869557, 0.0124, 0.7712
15, 1.782844, 0.0118, 0.7830
16, 1.668830, 0.0110, 0.7941
17, 1.614658, 0.0107, 0.8047
18, 1.491180, 0.0099, 0.8146
19, 1.398099, 0.0092, 0.8238
20, 1.321568, 0.0087, 0.8326
